Position,Domain,Url,Keywords SERP Features,SERP Features
1,www.suewherewhywhat.com,https://www.suewherewhywhat.com/trip-planning-websites/,"6,7,9,20,21,36,45,52","6,7,9"
2,www.reddit.com,https://www.reddit.com/r/TravelHacks/comments/13odkq9/what_app_do_you_use_to_plan_your_trips/,"6,7,9,20,21,36,45,52","6,7,9"
3,www.directiveadventure.com,https://www.directiveadventure.com/blog/apps-that-make-trip-planning-successful,"6,7,9,20,21,36,45,52","6,7,9"
4,www.wanderingkenzie.com,https://www.wanderingkenzie.com/travel-planning-apps/,"6,7,9,20,21,36,45,52","6,7,9"
5,play.google.com,https://play.google.com/store/apps/details?id=com.wanderlog.android&hl=en_US,"6,7,9,20,21,36,45,52","6,7,9"
6,www.tripit.com,https://www.tripit.com/web,"6,7,9,20,21,36,45,52","6,7,9"
7,wanderlog.com,https://wanderlog.com/,"6,7,9,20,21,36,45,52","6,7,9"
8,community.ricksteves.com,https://community.ricksteves.com/travel-forum/tech-tips/what-are-the-best-apps-tools-you-guys-use-on-your-travels,"6,7,9,20,21,36,45,52","6,7,9"
9,play.google.com,https://play.google.com/store/apps/details?id=com.tripit&hl=en_US,"6,7,9,20,21,36,45,52","6,7,9"
10,www.instagram.com,https://www.instagram.com/reel/DFtdyFZvf0I/?hl=en,"6,7,9,20,21,36,45,52","6,7,9"
